alignment_radius=100.000000
alignment_strength=0.500000
cohesion_radius=100.000000
cohesion_strength=0.700000
separation_decay=100000.000000
separation_radius=75.000000
separation_strength=1.000000
wander_radius=80.000000
wander_strength=1.00000
